Player           Team PS GP  Min  FGM  FGA  3M  3A FTM  FTA  OR   TR   AS  ST  TO  BK  PF  DQ   PTS  TC  EJ  FF Sta plusminus
abrines,alex      okl SG 31  588   56  157  41  127  12   13   5   48   20  17  14   6  53   0   165   1   0   0   2   29
acy,quincy        pho SF 10  121    4   18   2   15   7   10   3   25    8   1   4   4  24   0    17   1   0   0   0    4
adams,jaylen      atl PG 34  425   38  110  25   74   7    9  11   61   66  13  28   5  45   0   108   0   0   0   1  -57
adams,steven      okl  C 80 2667  481  809   0    2 146  292 392  760  124 119 138  77 204   3  1108   2   0   0  80  391
adebayo,bam       mia  C 82 1908  280  487   3   15 166  226 166  598  184  72 121  65 203   0   729   3   0   0  28   21
adel,deng         cle SF 18  196   11   36   6   23   4    4   3   19    5   1   6   4  13   0    32   0   0   0   3  -31
akoon-purcell,de  den SG  7   23    3   10   0    4   1    2   1    4    6   2   2   0   4   0     7   0   0   0   0    1
aldridge,lamarcu  san PF 81 2689  684 1319  10   42 349  412 252  744  194  43 144 107 179   0  1727   1   0   0  81   90
alkins,rawle      chi SG 10  120   13   39   3   12   8   12  11   26   13   1   8   0   7   0    37   0   0   0   1  -13
allen,grayson     uta SG 37  414   67  178  32   99  45   60   3   24   25   5  33   6  47   0   211   0   0   0   2 -116
allen,jarrett     bro  C 80 2095  335  568   6   45 197  278 192  673  110  42 103 120 184   7   873   3   0   0  80 -119
allen,kadeem      nyk SG 19  414   65  140  17   36  42   54   8   51   76  16  27   4  46   1   189   0   0   0   1  -37
aminu,al-farouq   por PF 81 2289  257  593  96  280 150  173 112  610  104  68  72  33 143   1   760   5   0   0  81  383
anderson,justin   atl SG 46  460   64  157  24   77  26   35  25   85   23  22  23  13  48   0   178   1   0   0   4  -81
anderson,kyle     mem SF 43 1281  150  276   9   34  37   64  48  252  128  54  58  37 112   0   346   2   0   0  40  -59
anderson,ryan     mia PF 25  321   21   69   9   40  12   16  18   54   19   4  14   1  25   0    63   0   0   0   8  -73
anigbogu,ike      ind  C  3    6    0    3   0    0   0    0   1    3    1   0   1   1   0   0     0   0   0   0   0   -2
antetokounmpo,gi  mil PF 72 2358  721 1248  52  203 500  686 160  898  424  92 268 110 232   2  1994   4   0   0  72  651
antetokounmpo,ko  dal PF  2   11    0    3   0    0   2    4   0    1    0   2   1   0   0   0     2   0   0   0   0    3
anthony,carmelo   hou PF 10  294   49  121  21   64  15   22   9   54    5   4   8   7  32   0   134   0   0   0   2  -63
anunoby,og        tor SF 67 1358  183  404  67  202  36   62  57  196   47  46  55  22 140   0   469   0   0   0   6  -49
arcidiacono,ryan  chi PG 81 1960  187  419  81  218  89  102  26  219  270  65  62   5 171   0   544   0   0   0  32 -250
ariza,trevor      was SF 69 2349  294  736 145  434 130  164  49  370  252  91 105  21 130   1   863   3   0   0  69 -334
augustin,d.j.     orl PG 81 2269  318  677 131  311 181  209  41  203  426  52 128   4 115   0   948   3   0   0  81  169
ayton,deandre     pho  C 71 2181  509  870   0    4 141  189 223  729  125  61 126  67 209   1  1159   3   0   0  70 -383
bacon,dwayne      cha SG 42  760  122  257  38   87  34   46   8   89   47  12  18   5  72   1   316   0   0   0  13  -22
bagley,marvin     sac PF 62 1563  356  706  30   96 181  262 162  471   62  33  98  59 120   2   923   1   0   0   4 -103
baker,ron         was SG 15  150    4   20   1   13   5    6   1   12   15   5   5   1  18   0    14   0   0   0   0  -20
baldwin,wade      por PG 16   95   10   33   2    9   8   11   2   15   12   1  14   2  11   0    30   0   0   0   0  -66
ball,lonzo        lal PG 47 1422  185  456  75  228  20   48  53  250  255  69 103  19 114   2   465   0   0   0  45  -16
bamba,mohamed     orl  C 47  765  117  243  21   70  37   63  64  232   39  13  43  64 102   0   292   0   0   0   1 -240
barea,j.j.        dal PG 38  752  161  385  38  128  55   78  13   95  211  22  72   0  50   0   415   3   0   0   0   58
barnes,harrison   sac SF 77 2528  431 1026 174  441 229  278  56  361  115  50  98  13 122   0  1265   0   0   0  77  -53
barton,will       den SF 43 1189  185  460  67  196  57   74  32  199  123  18  65  22  82   0   494   1   0   0  38    7
bates-diop,keita  min SF 30  502   60  142  13   52  18   28  16   83   17  18  14  14  29   0   151   0   0   0   3  -53
batum,nicolas     cha SG 75 2357  253  563 116  298  77   89  71  389  249  71 117  43 140   0   699   0   0   0  72  -21
bayless,jerryd    min PG 34  657   82  230  29   98  16   28  12   63  119  18  32   2  56   0   209   1   0   0   6 -161
baynes,aron       bos SF 51  822  105  223  21   61  53   62  88  240   57  12  40  34 125   0   284   0   0   0  18  130
bazemore,kent     atl SG 67 1639  278  691  96  300 127  176  37  262  152  89 122  42 170   2   779  10   0   0  35 -297
beal,bradley      was SG 82 3025  764 1608 209  596 362  448  88  410  448 121 223  58 226   0  2099   8   0   0  82 -112
beasley,malik     den SG 81 1877  349  738 163  405  56   66  35  200   97  55  55  10 116   0   917   2   0   0  18  135
beasley,michael   lal SF 26  279   75  153   3   17  28   39  13   60   25   9  27  10  42   0   181   1   0   0   2  -39
belinelli,marco   san SG 79 1818  285  690 147  395 112  124  15  197  132  35  71   8 121   0   829   1   0   0   1   32
bell,jordan       gsw PF 67  790   99  192   0    2  25   41  55  184   77  18  42  52  79   0   223   1   0   0   3 -100
bembry,deandre'   atl SF 82 1930  275  617  50  173  87  136  54  359  202 105 141  42 190   0   687   2   0   0  15 -229
bender,dragan     pho PF 46  827   88  197  22  101  32   54  34  183   56  18  37  23  90   2   230   0   0   0  27 -159
bertans,dairis    nor  C 12  167   12   47  10   34   0    0   2    9   10   1   2   0   7   0    34   0   0   0   0  -50
bertans,davis     san  C 76 1634  204  453 145  338  53   60  23  264  100  35  43  33 133   0   606   3   0   0  12  257
beverley,patrick  lac PG 78 2139  194  475 112  281  96  123  75  386  301  67  86  43 265   6   596  12   0   0  49  149
birch,khem        orl  C 50  644   91  151   0    1  58   83  78  189   38  18  19  30  72   0   240   0   0   0   1   44
biyombo,bismack   cha  C 54  783   89  157   0    0  58   91  83  248   33  10  34  41 103   1   236   0   0   0  32 -135
bjelica,nemanja   sac PF 77 1793  284  593 103  257  70   92 126  444  147  55  82  54 197   2   741   3   0   0  70   84
blakeney,antonio  chi SG 56  829  166  396  36   91  50   76   7  106   42  12  35   9  41   0   418   0   0   0   3 -148
bledsoe,eric      mil PG 78 2272  470  972 124  377 177  236  82  362  430 118 166  29 156   0  1241   8   0   0  78  560
blossomgame,jaro  cle SF 27  441   47  107  10   39  10   13  26   98   13   7  11   8  20   0   114   0   0   0   4  -43
bogdanovic,bogda  sac SG 70 1944  361  863 134  372 134  162  40  243  267  72 117  15 142   1   990   1   0   0  17  -39
bogdanovic,bojan  ind SF 81 2571  522 1049 164  386 246  305  33  333  161  70 136   1 138   1  1454   3   0   0  81  177
bogut,andrew      gsw  C 11  135   18   36   0    0   3    3  12   55   11   3   8   8  22   0    39   0   0   0   5   10
bolden,jonah      phi PF 44  641   80  162  34   96  13   27  47  165   40  17  36  39  99   1   207   0   0   0  10  -27
bonga,isaac       lal PG 21  119    5   33   0    8   9   15   9   25   15   9   6   4   9   0    19   0   0   0   0   14
booker,devin      pho SG 64 2241  586 1255 135  414 393  454  39  265  433  56 264  13 200   1  1700   7   0   0  64 -332
boucher,chris     tor PF 28  165   34   76  12   37  13   15  16   56    2   6   7  24  31   0    93   0   0   0   0  -13
bradley,avery     mem SG 63 1903  248  608  86  245  43   50  43  176  152  41  90  16 167   0   625   3   0   0  63  -82
bradley,tony      uta  C  3   36    8   16   0    0   1    2   9   15    1   2   3   2   6   0    17   0   0   0   0  -18
brewer,corey      sac SG 31  489   53  123  14   44  31   43  26   76   39  32  19   7  63   0   151   1   0   0   3    1
bridges,mikal     pho SF 82 2418  242  563 105  313  95  118  56  264  173 129  70  38 201   2   684   0   0   0  56 -388
bridges,miles     cha SF 80 1696  237  511  65  200  58   77  67  325   95  54  51  49 111   0   597   0   0   0  25 -127
briscoe,isaiah    orl PG 39  557   55  138  11   34  15   26   5   74   87  11  31   2  66   0   136   1   0   0   0   20
broekhoff,ryan    dal SG 40  455   56  126  37   93  15   19   8   63   21   6  16   4  35   0   164   0   0   0   0   67
brogdon,malcolm   mil PG 64 1836  378  747 104  244 141  152  65  287  205  46  92  12 102   1  1001   0   0   0  64  428
brooks,dillon     mem SG 18  329   49  122  15   40  22   30   9   31   16  10  19   4  50   0   135   2   0   0   0  -16
brooks,marshon    mem SG 29  388   76  169  15   54  23   33  12   45   25   9  21   4  33   0   190   0   0   0   0  -23
brown,bruce       det SG 74 1446  125  315  24   93  45   60  48  185   91  40  46  36 178   0   319   0   0   0  56   -4
brown,jaylen      bos SF 74 1910  368  792  95  276 133  202  65  312  100  70  99  32 186   0   964   2   0   0  25   66
brown,lorenzo     tor PG 25  212   23   71   6   28   3    3   5   30   28  12  16   5  22   0    55   0   0   0   0  -32
brown,sterling    mil SG 57 1033  145  312  53  147  29   42  28  183   84  25  45   8  88   1   372   2   0   0   7    1
brown,troy        was SF 51  727   97  234  22   69  32   47  35  145   79  21  30   5  56   0   248   0   0   0  10   -3
brunson,jalen     dal PG 73 1594  264  565  63  181  87  120  25  169  230  37  88   4 127   0   678   0   0   0  38  -83
bryant,thomas     was  C 72 1495  309  503  33   99 107  137 114  455   92  25  60  67 126   0   758   3   0   0  53 -107
bullock,reggie    lal SG 63 1879  245  594 148  393  73   85  22  173  129  40  65  12 109   0   711   0   0   0  60  -48
burke,trey        dal PG 58 1125  236  549  56  160 103  124  28   98  159  33  49   7  58   0   631   0   0   0   8  -35
burks,alec        sac SG 64 1375  192  474  61  168 116  141  31  236  128  39  65  21  91   0   561   0   0   0  24 -298
burton,deonte     okl SG 31  239   33   81   8   26   8   12   4   28    9   6   9   8  31   0    82   0   0   0   0   27
butler,jimmy      phi SF 65 2184  418  904  67  192 312  365 122  343  263 123  95  39 111   0  1215   5   0   0  65  162
caboclo,bruno     mem SF 34  799   96  225  48  130  42   50  42  158   50  14  38  33  81   0   282   0   0   0  19    0
calderon,jose     det PG 46  634   45  120  14   57   9   11  11   60  115  16  35   3  64   1   113   1   0   0   0 -177
caldwell-pope,ke  lal SG 82 2031  325  757 151  436 137  158  47  237  110  73  65  13 137   0   938   1   0   0  23 -156
canaan,isaiah     mil PG 30  630   64  164  34   96  19   24   6   58   84  14  34   2  52   0   181   0   0   0  16 -174
capela,clint      hou  C 67 2249  474  732   0    0 166  261 298  847   96  44  93 102 168   1  1114   2   0   0  67  232
carroll,demarre   bro SF 67 1704  227  575 106  311 184  242  68  348   85  30  73  10 114   0   744   2   0   0   8   49
carter,jevon      mem PG 39  574   56  185  34  102  26   32  14   66   69  26  33  10  55   0   172   0   0   0   3  -89
carter,vince      atl SG 76 1326  196  468 123  316  47   66  31  194   87  44  48  27 141   0   562   1   0   0   9 -177
carter,wendell    chi PF 44 1110  180  370   6   32  89  112  87  307   78  25  66  59 152   4   455   3   0   0  44 -292
carter-williams,  orl PG 28  372   46  123  10   38  32   53  19   70   70  20  20  16  48   0   134   1   0   0   1    3
caruso,alex       lal SG 25  530   77  173  24   50  51   64  20   67   77  24  42   9  54   0   229   0   0   0   4   46
casspi,omri       mem SF 36  522   86  161  15   43  39   58  17  115   26  20  23   9  35   0   226   1   0   0   0   18
cauley-stein,wil  sac  C 81 2216  412  741   1    2 140  254 181  677  194  96  84  51 227   1   965   6   0   0  81   52
caupain,troy      orl PG  4   15    4    8   2    3   0    0   1    3    4   1   0   0   0   0    10   0   0   0   0    8
cavanaugh,tyler   uta PF 11   41    3   10   1    5   2    2   3    8    1   0   1   0   3   0     9   0   0   0   0  -37
chandler,tyson    lal  C 55  874   61   99   0    1  51   87  94  309   37  21  43  25 110   0   173   3   0   0   6  -36
chandler,wilson   lac SF 51 1174  114  273  59  158  18   25  48  214   82  25  46  21 123   0   305   0   0   0  33  105
chealey,joe       cha PG  1    8    1    3   0    0   0    0   0    0    1   0   0   0   1   0     2   0   0   0   0   -3
chiozza,chris     hou PG  7   32    2    8   2    5   0    0   1    4    4   1   1   1   2   0     6   0   0   0   0  -12
chriss,marquese   cle PF 43  498   67  180  16   72  32   45  40  142   22  17  36  11  81   1   182   2   0   0   2 -170
clark,gary        hou PF 51  635   50  151  41  138   7    7  24  116   18  20   7  27  47   0   148   0   0   0   2   26
clark,ian         nor SG 60  974  151  383  66  202  33   37  13   89   94  22  58   8  95   0   401   0   0   0   6  -55
clarkson,jordan   cle PG 81 2216  529 1180 144  445 162  192  83  271  196  56 135  14 112   0  1364   0   0   0   0 -350
collins,john      atl PF 61 1827  465  831  55  158 203  265 220  595  120  22 119  39 199   3  1188   0   0   0  59  -76
collins,zach      por PF 77 1352  189  400  40  121  94  126 108  323   71  25  76  66 174   4   512   4   0   0   0  -11
collison,darren   ind PG 76 2143  308  659  79  194 158  190  36  231  459 110 124   9 138   0   853   1   0   0  76  118
colson,bonzie     mil PF  8   98   13   39   5   21   8    9   8   30    3   5   3   1   3   0    39   0   0   0   2  -22
conley,mike       mem PG 70 2340  490 1120 155  426 343  406  39  238  449  94 130  22 123   1  1478   0   0   0  70   23
connaughton,pat   mil SG 61 1258  163  350  66  200  29   40  61  258  122  33  33  26  81   0   421   0   0   0   2  120
cook,quinn        gsw PG 72 1063  204  439  81  200  20   26  20  155  114  20  49   3  92   0   509   1   0   0  10 -135
cousins,demarcus  gsw  C 30  772  178  371  26   95 106  144  43  246  107  40  72  44 109   2   488   5   0   0  30   65
covington,robert  min SF 35 1201  156  362  85  225  68   89  28  193   46  74  47  46 126   2   465   2   0   0  35   63
crabbe,allen      bro SG 43 1134  137  372  98  259  41   56  17  148   46  23  46  13 102   1   413   0   0   0  20    4
craig,torrey      den SF 74 1502  160  362  61  188  49   70  90  264   72  37  43  46 175   4   430   0   0   0  37   71
crawford,jamal    pho SG 64 1209  174  438  67  202  93  110   8   85  229  33  99  12  75   0   508   3   0   0   0 -377
creek,mitchell    na  SF  4   48    8   16   0    2   4    5   6   12    6   2   1   0   3   0    20   0   0   0   0    6
crowder,jae       uta PF 80 2167  318  798 173  522 142  197  60  384  133  64  85  31 170   0   951  10   0   0  11  227
cunningham,dante  san SF 63  928   75  158  30   65  14   18  47  187   50  26  22  13  71   1   194   0   0   0  21 -171
curry,seth        por SG 74 1402  212  465 113  251  44   52  27  120   66  35  61  12  97   0   581   0   0   0   2  132
curry,stephen     gsw PG 69 2328  632 1340 354  810 263  287  45  369  361  92 192  26 166   0  1881   2   0   0  69  689
daniels,troy      pho SG 51  760  113  275  74  194  18   23  13   73   26  26  27   5  79   0   318   0   0   0   1 -112
davis,anthony     nor PF 56 1851  530 1026  48  145 344  433 176  672  218  88 112 135 132   0  1452   1   0   0  56  136
davis,deytona     atl  C  9  117   15   22   0    1   6   10   9   35    5   3   3   5  12   0    36   0   0   0   0  -22
davis,ed          bro PF 81 1448  186  302   0    2 100  162 216  695   61  35  65  33 226   3   472   1   0   0   1   94
davis,tyler       okl  C  1    1    0    1   0    0   0    0   1    1    0   0   0   0   0   0     0   0   0   0   0    0
dedmon,dewayne    atl  C 64 1608  259  526  83  217  92  113 105  481   90  69  84  72 214   6   693   2   0   0  52 -173
dekker,sam        was SF 47  787  120  256  19   62  28   46  52  147   46  39  24   7  47   0   287   0   0   0   5  -89
delgado,angel     lac  C  2   15    1    5   0    0   1    2   2    4    0   1   0   0   2   0     3   0   0   0   0    3
dellavedova,matt  cle PG 48  813   98  242  44  130  42   52   6   77  181  14  68   2  75   0   282   0   0   0   0  -61
deng,luol         min SF 22  394   59  118  14   44  25   35  20   73   18  15  14   8  24   0   157   0   0   0   2   86
derozan,demar     san SG 77 2686  631 1313   7   45 366  441  54  462  475  86 198  36 177   1  1635   9   0   0  77   10
derrickson,marcu  gsw PF 11   68   16   33  10   20   4    5   8   13    1   0   3   1   9   0    46   0   0   0   0  -10
diallo,cheick     nor PF 64  892  168  271   1    4  50   67  76  333   33  29  49  33 113   0   387   0   0   0   1  -88
diallo,hamidou    okl SG 50  526   75  165   4   24  36   59  38   97   17  21  23  10  77   0   190   2   0   0   3  -76
dieng,gorgui      min  C 76 1027  189  377  19   56  88  106  81  311   72  47  57  41 134   0   485   4   0   0   2 -119
dinwiddie,spence  bro PG 68 1913  366  828 124  370 287  356  26  166  311  40 151  17 187   4  1143   6   0   0   4  -84
divincenzo,donte  mil SG 27  413   50  124  22   83   9   12  16   65   31  13  19   6  38   0   131   0   0   0   0  107
doncic,luka       dal SF 72 2320  506 1187 168  515 346  485  85  562  429  78 246  25 137   0  1526   5   0   0  72 -118
dorsey,tyler      mem SG 48  699  107  264  44  132  38   61  26  112   56  15  27   2  53   0   296   0   0   0  11  -35
dotson,damyean    nyk SG 73 2001  290  698 126  342  73   98  34  262  135  58  71  10 135   0   779   0   0   0  40 -327
dozier,pj         bos PG  5   50    8   21   2    8   1    2   6   17    5   2   0   0   2   0    19   0   0   0   0   25
dragic,goran      mia PG 36  991  179  432  57  163  79  101  20  111  174  30  71   5  81   1   494   1   0   0  22   42
drummond,andre    det  C 79 2646  561 1052   5   38 243  412 423 1232  112 137 175 138 272   4  1370  16   0   0  79  176
dudley,jared      bro SF 59 1218  101  239  53  151  32   46  34  155   83  36  43  16 131   0   287   0   0   0  25   35
dunn,kris         chi PG 46 1390  215  506  34   96  55   69  19  187  277  68 104  21 166   5   519   3   0   0  44 -223
durant,kevin      gsw SF 78 2703  721 1383 137  388 448  506  33  497  457  58 225  84 155   1  2027  16   0   0  78  656
duval,trevon      mil PG  2    5    2    3   1    1   0    0   0    1    2   0   0   0   0   0     5   0   0   0   0    2
edwards,vincent   hou SF  2   16    1    4   1    4   0    0   1    2    0   0   0   0   0   0     3   0   0   0   0   -2
ellenson,henry    nyk PF 19  259   39   95  17   38  19   25   5   66   16   7   9   2  27   0   114   0   0   0   0  -10
ellington,wayne   det SG 53 1294  184  457 138  372  39   49  14  107   72  54  40   6  92   0   545   0   0   0  38  -13
embiid,joel       phi  C 64 2157  580 1199  79  263 522  649 160  871  234  46 226 122 211   1  1761   9   0   0  64  371
ennis,james       phi SF 58 1229  138  294  55  156  58   81  60  182   41  41  35  24 150   0   389   1   0   0  27  -10
eubanks,drew      san PF 22  111   15   26   0    0  11   13   6   34    7   2   8   5  11   0    41   0   0   0   0  -21
evans,jacob       gsw SG 27  199   18   52   4   14   0    1   6   25   23   5  11   3  28   0    40   0   0   0   1  -38
evans,jawun       okc PG  8   64    3   14   0    3   0    0   1   12   10   3   6   0   8   0     6   0   0   0   0  -51
evans,tyreke      ind SG 69 1401  257  660  77  216 115  160  33  202  166  57 119  19 118   0   706   2   0   0  18   64
exum,dante        uta PG 42  663  101  239  18   62  68   86  16   68  110  14  52   5  69   0   288   0   0   0   1   48
faried,kenneth    hou PF 37  726  156  265   8   25  64   99  98  251   20  17  33  23  82   1   384   1   0   0  13   62
favors,derrick    uta PF 76 1770  363  618  17   78 154  228 206  560   89  56  84 106 163   0   897   2   0   0  70  188
felicio,cristian  chi PF 60  744   95  179   0    4  50   73  80  218   37  12  34   7  69   0   240   1   0   0   0 -130
felton,raymond    okl PG 32  378   55  135  20   61  12   13   4   34   52  10  14   6  29   0   142   0   0   0   0   15
ferguson,terranc  okl SG 74 1934  185  431 106  290  37   51  33  141   72  40  48  16 231   3   513   2   0   0  74  141
ferrell,yogi      sac PG 71 1068  153  351  54  149  60   67  13  108  137  36  39   4  64   0   420   0   0   0   3  -55
finney-smith,dor  dal SF 81 1984  228  528  79  254  73  103 138  389   95  70  74  37 186   1   608   0   0   0  26  -89
forbes,bryn       san SG 82 2288  361  792 176  413  69   78  18  238  175  45  80   4 159   0   967   0   0   0  81   -9
fournier,evan     orl SG 81 2557  468 1069 153  450 137  170  37  257  295  72 154  12 225   2  1226   5   0   0  81   95
fox,de'aaron      sac PG 81 2546  505 1102  86  232 303  417  42  304  590 133 227  45 204   0  1399   4   0   0  81   68
frazier,melvin    orl SG 10   44    7   21   0    6   1    4   3    5    1   1   1   0   6   0    15   0   0   0   0   -9
frazier,tim       mil PG 59 1117  116  261  37  101  41   54  41  167  248  30  75   5 112   0   310   0   0   0  19  -67
fredette,jimmer   pho SG  6   64    8   29   0   13   6    6   1    7    8   3   5   0   5   0    22   0   0   0   0  -38
frye,channing     cle PF 36  337   43  117  32   79  11   14   4   52   20   6  13   5  44   0   129   0   0   0   6 -146
fultz,markelle    phi PG 19  426   65  155   4   14  21   37  25   69   59  18  25   5  52   0   155   0   0   0  15   -8
gallinari,danilo  lac SF 68 2059  409  883 161  373 367  406  54  418  178  49  99  23 129   1  1346   2   0   0  68  105
galloway,langsto  det SG 80 1752  228  587 135  381  81   96  49  171   85  37  24   8 135   0   672   0   0   0   4   37
garrett,billy     nyk SG  4   64   11   27   0    8   4    4   0    3    7   1   2   1   3   0    26   0   0   0   0  -16
gasol,marc        tor  C 79 2439  390  870  99  273 192  253  82  629  349  84 155  86 217   3  1071   1   0   0  72  160
gasol,pau         mil  C 30  358   42   94   6   13  28   40  22  137   52   5  16  16  29   0   118   0   0   0   6  -33
gay,rudy          san SF 69 1840  376  746  74  184 120  147  62  469  182  54 113  34 159   2   946   3   0   0  51  161
george,paul       okl SF 77 2844  707 1614 292  757 453  540 105  628  318 172 205  34 214   3  2159   9   0   0  77  496
gibson,taj        min PF 70 1685  304  537  11   34 134  177 172  458   84  52  73  39 187   2   753   7   0   0  57  -81
giles,harry       sac PF 58  821  175  348   0    6  58   91  66  222   85  31  73  22 150   3   408   3   0   0   0 -106
gilgeous-alexand  lac PG 82 2174  341  716  51  139 156  195  55  230  270  97 141  45 175   0   889   0   0   0  73 -109
gobert,rudy       uta  C 81 2577  476  712   0    0 332  522 309 1040  161  66 130 187 232   1  1284   7   0   0  80  385
goodwin,brandon   den PG 14   57    6   23   2    6   9   11   1    3   14   0   3   0   7   0    23   0   0   0   0   14
gordon,aaron      orl PF 78 2628  470 1046 121  347 185  253 129  573  289  57 162  56 172   2  1246   2   0   0  78  107
gordon,eric       hou SG 68 2155  384  938 216  600 119  152  17  149  129  41  90  27 143   1  1103   1   0   0  53  351
gortat,marcin     lac  C 47  749   99  186   0    0  35   48  68  262   65   6  50  24  92   0   233   2   0   0  43  -98
graham,devonte'   cha PG 46  679   74  216  34  121  35   46  10   63  120  23  30   2  48   1   217   0   0   0   3 -100
graham,treveon    bro SG 35  718   64  191  38  128  18   22  22  106   34  13  17   7  68   0   184   0   0   0  21   29
grant,jerami      okl SF 80 2611  409  823 115  293 157  221  96  417   79  61  67 100 214   2  1090   1   0   0  77  300
grant,jerian      orl PG 60  938   92  220  40  110  26   40  19   99  156  44  51   6  78   0   250   0   0   0   1 -148
grantham,donte    okl SF  2    3    0    1   0    1   0    0   0    0    0   0   0   0   0   0     0   0   0   0   0   -2
green,danny       tor SG 80 2215  293  630 198  435  37   44  60  317  126  73  75  53 171   1   821   3   0   0  80  638
green,draymond    gsw PF 66 2064  188  422  47  165  63   91  60  481  454  93 169  70 197   2   486  15   0   0  66  463
green,gerald      hou SG 73 1472  231  578 156  441  57   68  29  180   40  33  54  27 126   0   675   2   0   0   0  131
green,jamychal    lac PF 65 1369  230  476  71  176  80  101 105  410   50  44  87  34 193   6   611   5   0   0   6 -214
green,jeff        was SF 77 2092  326  687 111  320 183  206  58  310  137  43 101  41 160   0   946   2   0   0  44  -94
griffin,blake     det PF 75 2619  619 1341 189  522 414  550 100  566  402  52 253  28 199   1  1841  11   0   0  75   37
hamilton,daniel   atl SG 18  206   23   60   8   23   3    6  10   47   22   6  16   1  19   0    57   0   0   0   3  -26
hannahs,dusty     mem SG  2   26    3   12   0    5   2    2   0    1    5   1   1   0   1   0     8   0   0   0   0  -10
hardaway,tim      dal SG 65 2056  390  993 162  477 232  276  32  222  159  53 105   8 141   1  1174   0   0   0  63 -401
harden,james      hou PG 78 2870  843 1909 378 1028 754  858  66  517  586 158 387  58 245   2  2818   7   0   0  78  358
harkless,maurice  por SF 60 1416  189  388  33  120  49   73  77  269   74  67  45  55 163   0   460   2   0   0  53  237
harrell,montrezl  lac PF 82 2158  546  888   3   17 266  414 184  536  162  70 132 110 255   2  1361   8   0   0   5   60
harris,devin      dal PG 68 1070  132  347  62  200 102  134  12  112  122  35  56  16 133   0   428   1   0   0   2  -97
harris,gary       den SG 57 1639  270  636  82  242 115  144  41  158  127  55  67  19 113   0   737   2   0   0  48  226
harris,joe        bro SF 76 2296  374  749 183  386 110  133  54  293  181  37 121  17 182   1  1041   0   0   0  76  -78
harris,tobias     phi PF 82 2847  611 1253 156  393 266  307  68  644  229  51 151  37 184   0  1644   4   0   0  82   16
harrison,andrew   nor SG 17  186   16   53   5   25  17   18   6   20   24   4  12   2  34   1    54   0   0   0   0  -22
harrison,shaquil  chi PG 73 1431  184  426  24   89  82  123  33  222  138  90  60  30 124   0   474   0   0   0  11 -316
hart,josh         lal SG 67 1713  189  464  92  274  55   80  34  247   92  64  58  40 147   1   525   5   0   0  22    1
hartenstein,isai  hou PF 28  224   20   41   2    6  11   14  21   47   15   7  13  12  56   0    53   0   0   0   0   39
haslem,udonis     mia PF  9   74   11   33   0   12   3    4   3   26    2   0   3   0   9   0    25   0   0   0   1  -32
hayward,gordon    bos SF 72 1867  296  635  77  231 156  187  53  322  244  59 105  23 104   0   825   0   0   0  18  213
henson,john       mil  C 14  188   31   67  11   31   6   10  16   71   14   7  12  11  16   0    79   0   0   0   0    1
hernangomez,juan  den PF 70 1358  138  313  66  181  66   86  64  265   55  27  37  25  94   0   408   0   0   0  25   35
hernangomez,will  cha  C 58  811  153  296  15   39 100  144 118  312   60  16  58  21  98   1   421   0   0   0   3  -94
hezonja,mario     nyk SF 58 1207  191  464  42  152  87  114  28  239   88  57  88   8 110   2   511   1   0   0  24 -262
hicks,isaiah      nyk PF  3   33    4    8   0    0   4    5   2    7    2   1   1   3   5   0    12   0   0   0   0   -2
hield,buddy       sac SG 82 2614  623 1360 278  651 171  193 106  413  205  58 147  32 202   2  1695   2   0   0  82    0
highsmith,haywoo  phi SF  5   40    4   10   1    5   0    2   0    5    2   1   1   0   1   0     9   0   0   0   0  -23
hilario,nene      hou  C 42  544   60  116   0    3  31   47  34  123   26  18  11  15  87   0   151   1   0   0   2  102
hill,george       mil PG 60 1303  170  376  48  153  70   85  40  150  135  52  51   8 102   0   458   0   0   0  13  143
hill,solomon      nor SF 44  875   68  178  32  101  23   32  35  134   55  23  31  11  80   0   191   1   0   0  15 -127
holiday,aaron     ind PG 50  644  105  262  43  127  41   50   5   67   87  20  40  13  70   0   294   0   0   0   0  102
holiday,jrue      nor PG 67 2401  547 1159 118  363 208  271  75  334  518 109 210  54 148   2  1420   2   0   0  67  231
holiday,justin    mem SG 82 2608  300  777 162  465  95  106  46  323  146 120 104  37 165   0   857   0   0   0  77 -448
holland,john      cle SG  1    1    0    0   0    0   0    0   0    0    0   0   0   0   0   0     0   0   0   0   0    1
hollis-jefferson  bro SF 59 1234  200  487   9   49 118  183  83  310   96  44  68  27 107   0   527   5   0   0  21   -9
holmes,richaun    pho PF 70 1183  222  365   0    0 128  175 115  331   60  42  52  79 194   4   572   2   0   0   4 -170
hood,rodney       por SG 72 1893  292  671  84  236 137  155  25  156  126  60  55  11 146   0   805   1   0   0  49 -273
horford,al        bos PF 68 1970  387  723  73  203  78   95 120  457  283  59 102  87 126   0   925   2   0   0  68  258
house,danuel      hou PF 39  977  118  252  74  178  56   71  25  140   40  21  35  11  80   0   366   0   0   0  13  169
howard,dwight     was  C  9  229   43   69   0    0  29   48  24   83    4   7  16   4  34   1   115   1   0   0   9  -49
huerter,kevin     atl SG 75 2042  275  658 136  354  41   56  59  244  214  66 109  25 155   0   727   0   0   0  59 -119
humphries,isaac   atl  C  5   56    6   21   3   11   0    0   4   11    0   1   0   0   7   0    15   0   0   0   1  -22
hunter,r.j.       bos ??  1   26    6   13   4   10   1    2   1    3    3   1   0   0   3   0    17   0   0   0   0   28
hutchison,chandl  chi SF 44  891   96  210  14   50  23   38  31  186   34  23  25   6  59   0   229   1   0   0  14 -115
ibaka,serge       tor PF 74 2005  464  877  49  169 135  177 156  601   99  29 114 102 211   4  1112   4   0   0  51  255
iguodala,andre    gsw SG 68 1574  151  302  48  144  39   67  47  251  216  61  52  51  95   0   389   2   0   0  13  315
ilyasova,ersan    mil PF 67 1233  167  381  58  160  61   74  93  301   52  32  47  20 172   2   453   0   0   0   7  240
ingles,joe        uta SF 82 2564  359  802 189  483  87  123  35  330  469  97 193  20 180   0   994   5   0   0  82  428
ingram,andre      lal SG  4   14    0    6   0    3   0    0   1    2    0   1   1   0   0   0     0   0   0   0   0    5
ingram,brandon    lal SF 52 1760  362  728  31   94 195  289  41  268  154  28 130  32 149   1   950   3   0   0  52  -59
irving,kyrie      bos PG 67 2219  604 1241 174  434 214  245  71  336  465 103 172  34 167   0  1596   3   0   0  67  332
isaac,jonathan    orl PF 75 1996  262  611  86  266 110  135 100  411   80  59  76  97 143   0   720   0   0   0  64    8
iwundu,wesley     orl SF 68 1230  113  274  29   79  84  103  37  184   73  28  44  22 123   0   339   1   0   0  13   34
jackson,demetriu  phi PG  6   40    8   15   2    6   4    4   2    3    5   2   1   0   4   0    22   0   0   0   0  -11
jackson,frank     nor PG 61 1169  194  448  53  170  54   73  24  133   69  25  47   2  92   0   495   1   0   0  16 -135
jackson,jaren     mem PF 58 1516  298  590  51  142 151  197  74  273   65  52  98  82 220   6   798   3   0   0  56 -103
jackson,josh      pho SF 79 1988  347  841  73  225 143  213  66  347  183  73 173  56 209   3   910  12   0   0  29 -430
jackson,justin    dal SF 81 1616  217  485  87  245  62   79  44  212   96  32  29  14  99   0   583   0   0   0  14  -51
jackson,reggie    det PG 82 2284  441 1047 174  471 204  236  45  215  344  54 148   9 208   2  1260   4   0   0  82   44
james,lebron      lal PF 55 1935  558 1095 111  327 278  418  55  465  454  72 197  33  94   0  1505   0   0   0  55  115
jefferson,amile   orl PF 12   68   10   16   0    0   7    8   6   21    3   3   1   3   8   0    27   0   0   0   0   13
jenkins,john      nyk SG 26  332   42  105  22   59  15   18   6   37   22   0   9   2  10   0   121   0   0   0   0  -49
jerebko,jonas     gsw PF 73 1221  163  355  69  188  64   80  72  288   96  27  43  18 137   0   459   1   0   0   6   56
johnson,alize     ind PF 14   62    4   16   1    2   4    8   4   19    1   1   0   3   7   0    13   0   0   0   0    1
johnson,amir      phi  C 51  529   79  157  12   40  31   41  46  146   60  16  45  14  99   1   201   0   0   0   6  -70
johnson,b.j.      sac SF  7   51    9   18   3    7   2    2   2    8    0   2   2   0   4   0    23   0   0   0   0  -16
johnson,james     mia PF 55 1164  164  379  50  149  50   70  22  176  135  35  74  27 114   0   428   1   0   0  33 -105
johnson,stanley   nor SF 66 1207  171  440  62  215  50   64  34  217   88  60  81  14 114   0   454   1   0   0   7 -199
johnson,tyler     pho SG 57 1531  217  526  90  260  95  127  34  171  166  54  77  27  97   0   619   0   0   0  22 -127
johnson,wesley    was SF 38  538   45  128  25   76  13   19  12   72   23  14  17  12  63   1   128   0   0   0  13  -92
jokic,nikola      den  C 80 2505  616 1206  83  270 289  352 228  865  579 108 248  55 228   2  1604   9   0   0  80  315
jones,damian      gsw  C 24  410   53   74   0    0  24   37  31   75   28  12  16  25  63   0   130   0   0   0  22   16
jones,derrick     mia SF 60 1148  160  325  28   91  74  122  98  242   37  46  42  42 123   1   422   1   0   0  14  -21
jones,jalen       cle SF 16  215   26   62  10   28  19   27  11   33    7   9   8   2  27   0    81   1   0   0   0  -25
jones,jemerrio    lal SF  6  142   12   33   2   10   1    2  16   49   13   7   5   6  10   0    27   1   0   0   2   28
jones,terrence    hou PF  2    5    1    4   0    2   0    1   0    4    0   0   1   0   1   0     2   0   0   0   0  -12
jones,tyus        min PG 68 1556  185  446  40  126  58   69  23  134  327  81  47   5  77   0   468   0   0   0  23   -3
jordan,deandre    nyk  C 69 2048  286  446   0    0 186  264 224  901  156  41 153  73 167   2   758  10   0   0  69 -213
joseph,cory       ind PG 82 2061  226  548  55  171  30   43  38  279  321  93  80  22 131   0   537   0   0   0   9  211
kaminsky,frank    cha PF 46  756  138  299  50  139  79  107  40  164   63  12  41  13  68   0   405   0   0   0   0   42
kanter,enes       por  C 67 1636  375  682  10   34 155  197 257  659  116  32 118  26 167   1   915   3   0   0  31 -188
kennard,luke      det SG 63 1439  228  520 106  269  51   61  12  183  114  26  57   9  92   0   613   1   0   0  10   52
kidd-gilchrist,m  cha SF 64 1179  158  332  16   47  95  123  88  246   61  32  43  39 156   2   427   0   0   0   3  -46
king,george       pho SF  1    6    0    0   0    0   0    0   0    1    0   0   0   0   0   0     0   0   0   0   0   -9
kleber,maximilia  dal PF 71 1503  175  386  77  218  58   74  90  329   70  36  54  79 143   0   485   0   0   0  18   64
knight,brandon    cle PG 39  739   99  260  41  129  27   34  10   59   71  21  30   2  62   0   266   1   0   0  26 -190
knox,kevin        nyk SF 75 2158  338  915 125  364 162  226  65  340   82  42 115  24 175   0   963   0   0   0  57 -637
korkmaz,furkan    phi SG 48  680   98  245  47  144  36   44  16  108   52  29  25   2  62   0   279   0   0   0   7   62
kornet,luke       nyk PF 45  783  107  283  70  193  38   46  28  135   54  27  25  42  41   0   322   0   0   0  18  -57
korver,kyle       uta SG 70 1332  201  483 138  348  60   73   9  162   81  25  59  12 105   1   600   0   0   0   0  130
koufos,kosta      sac  C 42  501   73  153   0    0  10   24  52  177   36  15  27  18  68   0   156   0   0   0   1  -32
kurucs,rodions    bro SF 63 1293  202  449  58  184  72   92  56  246   52  42  77  27 146   2   534   2   0   0  46   -2
kuzma,kyle        lal PF 70 2312  496 1087 128  422 188  250  61  382  178  40 132  26 170   0  1308   1   0   0  68  -58
labissiere,skal   por PF 21  177   26   49   6   13   9   15   9   43   11   5  11   6  29   0    67   0   0   0   1  -32
lamb,jeremy       cha SG 79 2250  431  978 115  330 231  260  64  435  172  88  80  32 140   2  1208   0   0   0  55   49
lavine,zach       chi SF 63 2167  530 1135 120  321 312  375  39  294  283  60 215  26 140   1  1492   2   0   0  62 -301
layman,jake       por SF 71 1322  216  424  59  181  50   71  56  217   53  31  46  30 116   0   541   0   0   0  33   71
leaf,t.j.         ind PF 58  519   99  183   8   31  19   31  44  126   24  10  12  19  35   0   225   0   0   0   1   44
lee,courtney      dal SG 34  429   53  128  16   55  14   21   9   54   37  21  14   3  32   0   136   0   0   0   6  -56
lee,damion        gsw SG 32  375   56  127  27   68  19   22   8   64   13  13  11   0  28   0   158   0   0   0   0  -54
lemon,walt        chi PG  6  167   38   87   2    5   8   11   4   27   30  11  10   1  14   0    86   1   0   0   3  -23
len,alex          atl  C 77 1545  320  648  74  204 140  216 158  424   86  27  97  69 200   1   854   0   0   0  31 -165
leonard,kawhi     tor SF 60 2039  560 1129 112  302 364  426  78  439  199 106 122  25  87   0  1596   2   0   0  60  356
leonard,meyers    por PF 61  878  132  242  50  111  43   51  51  235   75  12  43   9 105   0   357   1   0   0   2  -78
leuer,jon         det PF 41  403   66  114   1   12  23   31  27   97   14  12  23   4  60   0   156   1   0   0   1 -116
levert,caris      bro SG 40 1061  207  484  48  154  85  123  34  150  156  42  69  14  77   0   547   2   0   0  25  -12
lillard,damian    por PG 80 2836  681 1533 237  643 468  513  68  371  551  89 212  33 148   0  2067   4   0   0  80  494
lin,jeremy        tor PG 74 1436  238  541  55  187 176  210  22  179  231  47 124  13 144   0   707   0   0   0   4 -183
livingston,shaun  gsw PG 64  965  109  210   0    2  40   51  42  117  114  31  38  27  74   0   258   2   0   0   0   46
lofton,zach       det SF  1    4    0    1   0    1   0    0   0    0    0   1   1   0   0   0     0   0   0   0   0    0
looney,kevon      gsw SF 80 1476  217  348   1   10  65  105 196  419  123  45  51  54 211   2   500   1   0   0  24  306
lopez,brook       mil  C 81 2316  355  785 187  512 112  133  33  396   98  49  83 180 189   1  1009  10   0   0  81  583
lopez,robin       chi  C 74 1606  304  535   7   31  89  123 140  285   89  11  96  78 124   0   704   5   0   0  36 -142
love,kevin        cle PF 22  598  109  283  53  147 103  114  33  239   48   6  42   6  54   0   374   1   0   0  21  -56
lowry,kyle        tor PG 65 2211  304  739 157  453 161  194  41  312  564  91 182  31 166   1   926   8   0   0  65  536
loyd,jordan       tor PG 12   53    8   18   4    8   9   11   1    9    6   0   2   0   5   0    29   0   0   0   0  -20
lucas,kalin       det PG  1    6    0    1   0    1   2    2   0    3    1   0   0   0   1   0     2   0   0   0   0   -3
luwawu-cabarrot,  chi SG 50  669   82  218  36  116  31   41  11   97   26  19  20   8  73   0   231   0   0   0   7 -209
lydon,tyler       den PF 24   95    9   18   4   10   1    3   7   18    6   2   4   0  10   0    23   0   0   0   0  -11
lyles,trey        den PF 63 1118  207  495  51  200  81  116  44  246   87  31  68  24  93   0   546   0   0   0   2    4
machado,scott     lal PG  4   19    4    6   1    1   1    1   0    0    3   1   0   0   2   0    10   0   0   0   0    0
mack,shelvin      mem PG 57 1246  163  403  46  130  58   84  18  105  183  46  66   4  84   0   430   1   0   0   3 -244
macon,daryl       dal SG  8   89   10   27   5   11   4    7   2   12    7   1   6   0   8   0    29   0   0   0   0   -6
macura,j.p.       cha SG  2   17    3    9   0    4   0    0   0    3    2   0   0   0   0   0     6   0   0   0   0    1
mahinmi,ian       was  C 34  496   47  105   3   16  42   61  49  129   25  25  21  16  84   2   139   4   0   0   6  -35
maker,thon        det  C 64  969  109  268  49  153  56   84  41  202   45  20  33  51 105   0   323   1   0   0   5   -4
marjanovic,boban  phi  C 56  679  160  260   4   10  98  131  87  265   54  15  59  27  90   0   422   1   0   0  12    3
markkanen,lauri   chi PF 52 1683  342  795 120  332 170  195  74  472   75  37  86  33 122   0   974   1   0   0  51 -197
martin,jarell     orl PF 42  331   43  104  20   57   9   11  11   73   18   3  11   8  51   1   115   0   0   0   1   31
mason,frank       sac PG 38  433   71  169  14   64  39   57   6   43   84  16  36   5  34   0   195   0   0   0   0 -146
maten,yante       mia PF  2   13    1    4   0    1   0    0   1    3    0   1   0   0   0   0     2   0   0   0   0    4
matthews,wesley   ind SG 69 2089  279  699 150  403 132  163  32  170  160  55  91  16 160   0   840   5   0   0  68  -86
mbah_a_moute,luc  lac SF  4   61    8   18   2    6   2    5   2    7    2   1   2   1   8   0    20   0   0   0   0   11
mccall,tahjere    bro SF  1    8    2    3   0    1   0    1   0    1    0   0   0   0   2   0     4   0   0   0   0   15
mccaw,patrick     tor PG 29  398   26   63   9   28  13   15   7   48   29  23  17   3  38   0    74   0   0   0   1  -60
mccollum,cj       por SG 70 2374  571 1243 167  445 159  192  61  282  207  55 106  27 172   0  1468   1   0   0  70  348
mcconnell,t.j.    phi PG 76 1467  220  420  14   43  29   37  28  173  258  79  91  16 105   0   483   0   0   0   3   -9
mcdermott,doug    ind SF 77 1336  207  423  84  206  66   79  18  109   67  18  42   8 104   0   564   0   0   0   1  132
mcgee,javale      lal  C 75 1673  400  641   1   12  96  152 197  568   53  48 108 147 208   3   897   1   0   0  62 -157
mcgruder,rodney   mia SG 65 1547  186  463  79  227  52   72  59  238  112  35  64  13 115   0   503   0   0   0  45  -38
mckinnie,alfonzo  gsw SF 72 1003  134  276  42  118  27   48  82  248   31  19  30  15 134   0   337   0   0   0   5   11
mclemore,ben      sac SG 19  157   25   64  17   41   8   12   3   17    4   6   5   3  22   0    75   0   0   0   0  -17
mcrae,jordan      was SG 26  330   61  130  10   35  28   35   6   40   30  13  15   6  26   0   160   0   0   0   0  -22
meeks,jodie       tor SG  8  104   21   39   8   18   1    1   1   12    8   1   2   1   5   0    51   0   0   0   0   13
mejri,salah       dal  C 35  401   55  112  11   34  20   32  36  131   35  10  21  27  55   0   141   2   0   0   4  -50
melton,de'anthon  pho PG 50  981  100  256  29   95  21   28  25  134  159  68  75  23 113   1   250   0   0   0  31 -168
metu,chimezie     san PF 28  142   19   58   0    2  13   17   9   36   13   6  15   2  14   0    51   0   0   0   0   -1
middleton,khris   mil SF 77 2396  506 1148 179  474 216  258  50  461  331  80 174   7 172   2  1407   0   0   0  77  548
miles,cj          mem SF 52  855  112  311  67  203  48   58  13   93   36  27  30  14  79   0   339   0   0   0   1  -16
miller,darius     nor SF 69 1757  189  484 133  364  56   71  14  127  146  40  59  23 165   1   567   0   0   0  15   17
miller,malcolm    tor SF 10   68   11   26  10   21   3    4   1    5    1   1   1   1   5   0    35   0   0   0   0   -8
mills,patty       san PG 82 1908  282  663 159  404  89  105  24  182  245  49  94  10 129   0   812   0   0   0   1  202
millsap,paul      den PF 70 1892  322  666  58  159 181  249 153  506  141  82  95  54 183   0   883   3   0   0  65  342
milton,shake      phi SG 20  267   34   87  14   44   5    7   8   34   18   8   6   8  29   0    87   0   0   0   0   -1
mirotic,nikola    mil  C 46 1244  238  542 116  318 105  124  60  339   55  31  48  34 107   0   697   0   0   0  25  121
mitchell,donovan  uta SG 77 2598  661 1530 188  520 319  396  59  316  322 106 218  31 208   0  1829   1   0   0  77  371
mitrou-long,naz   uta SG 14   86    6   20   2   11   2    2   1    6   15   1   8   1  10   0    16   0   0   0   0  -39
monk,malik        cha SG 73 1258  227  586 109  330  90  102  16  136  117  37  85  19 106   0   653   0   0   0   0  -44
monroe,greg       bos  C 43  479   92  189   1    5  45   72  67  172   24  14  33   8  66   0   230   0   0   0   2  -70
montiejunas,dom   san  C  3   13    3    6   0    0   0    2   2    3    1   0   3   1   6   0     6   0   0   0   0  -16
moore,e'twaun     nor SG 53 1462  256  532  76  176  45   59  34  126  102  40  59   8 112   0   633   0   0   0  36    9
moreland,eric     tor  C  5   42    3    7   1    1   0    0   4   20    4   1   5   1   9   0     7   0   0   0   0  -17
morris,jaylen     mil SG  4   28    4   10   1    3   1    2   0    5    4   2   1   0   1   0    10   0   0   0   0   12
morris,marcus     bos PF 75 2085  377  844 146  389 146  173  76  458  109  43  92  25 181   1  1046   9   0   0  53   74
morris,markieff   okc PF 58 1271  204  484  68  203  71   92  60  263   79  36  54  22 175   4   547   6   0   0  16 -161
morris,monte      den PG 82 1968  346  702  94  227  65   81  35  194  298  73  52   4 102   0   851   0   0   0   6  181
motley,johnathan  lac PF 21  153   39   73   0    3  24   40  18   51   11   5  16   3  26   0   102   0   0   0   0  -30
mudiay,emmanuel   nyk PG 59 1606  330  740  69  209 144  186  33  197  228  43 141  19 103   0   873   0   0   0  42 -357
murray,jamal      den PG 75 2449  513 1173 152  414 189  223  65  317  362  67 158  27 153   0  1367   2   0   0  74  247
musa,dzanan       bro SG  9   39    9   22   1   10   0    2   1    5    2   2   4   0   1   0    19   0   0   0   0   10
muscala,mike      lal PF 64 1303  145  361  89  256  70   85  58  245   76  22  48  39 130   0   449   0   0   0  10   31
mykhailiuk,sviat  det SF 42  440   46  139  29   89  12   20   9   35   37  14  21   1  25   0   133   0   0   0   0   -7
nader,abdel       okl SF 61  693   91  215  32  100  27   36  14  116   20  20  26  12  68   0   241   0   0   0   1 -152
nance,larry       cle PF 67 1793  249  479  33   98  96  134 167  551  214 100  97  40 192   2   627   1   0   0  30 -324
napier,shabazz    bro PG 55  975  169  434  76  228 115  138  18  100  143  42  66  16  67   0   529   0   0   0   2   15
neto,raul         uta PG 37  471   74  161  20   60  28   33   6   62   93  14  35   4  49   0   196   1   0   0   1  175
niang,georges     uta SF 59  517   86  181  43  105  20   24  11   87   35  10  23   6  57   0   235   0   0   0   0  -93
noah,joakim       mem  C 42  694  110  213   0    1  78  109  58  238   89  20  50  31  96   1   298   7   0   0   1    4
noel,nerlens      okl  C 77 1057  162  276   0    0  54   79 127  325   45  66  48  96 166   3   378   2   0   0   2  -77
nowitzki,dirk     dal PF 51  794  135  376  64  205  39   50   5  158   35   9  18  18  76   0   373   2   0   0  20  -67
ntilikina,frank   nyk PG 43  908   95  282  33  115  23   30  12   87  122  30  56  14 104   3   246   0   0   0  16 -185
nunnally,james    hou SF 15  102   12   34   8   25   4    4   0    5    7   1   1   0  10   0    36   1   0   0   0  -24
nurkic,jusuf      por  C 72 1973  420  826   3   29 282  365 244  748  233  70 168 103 250   9  1125   6   0   0  72  430
nwaba,david       cle SG 51  987  126  263  24   75  58   85  41  163   54  36  29  17 106   1   334   0   0   0  14  -77
o'neale,royce     uta SF 82 1672  163  343  68  176  32   42  22  285  124  54  70  25 172   0   426   3   0   0  16  172
o'quinn,kyle      ind  C 44  370   69  136   1   12  17   21  28  118   56   9  31  25  68   0   156   0   0   0   3    5
ojeleye,semi      bos PF 56  595   67  158  28   89  24   39  24   86   23  10  19   4  43   0   186   0   0   0   3   70
okafor,jahlil     nor  C 58  937  212  362   1    5  59   89  82  278   40  15  52  40  96   0   484   1   0   0  24 -118
okobo,elie        pho PG 53  959  114  290  39  132  37   47  12   99  127  32  69   7 109   1   304   0   0   0  16 -212
okogie,josh       min SG 74 1757  196  508  60  215 118  162  41  218   91  88  64  33 166   0   570   1   0   0  52  -51
oladipo,victor    ind SG 36 1151  249  588  74  216 103  141  21  202  186  60  82  11  72   0   675   1   0   0  36  127
olynyk,kelly      mia PF 79 1810  261  564 113  319 152  185  72  374  140  53 114  36 183   0   787   2   0   0  36  106
osman,cedi        cle SF 76 2443  360  843 130  374 141  181  45  358  195  59 114  11 195   3   991   0   0   0  75 -641
oubre,kelly       pho SF 69 1932  375  841 108  338 189  244  71  325   84  85 104  59 181   1  1047   8   0   0  19 -274
pachulia,zaza     det  C 68  879   85  192   0    4  97  124  99  265   91  31  58  17 151   0   267   4   0   0   3  -97
parker,jabari     was PF 64 1722  369  749  61  195 131  184  79  421  153  46 151  30 145   2   930   1   0   0  17 -204
parker,tony       cha PG 56 1000  213  463  13   51  91  124  14   83  207  21  75   7  53   0   530   0   0   0   0   19
parsons,chandler  mem SF 25  496   68  182  29   94  22   25   4   70   43  19  32   5  44   0   187   0   0   0   3  -46
patterson,patric  okl PF 63  860   82  219  46  137  19   30  42  147   31  16  22  13  46   0   229   0   0   0   5 -110
patton,justin     phi  C  3   20    2    7   0    2   1    2   2    6    3   2   0   0   5   0     5   0   0   0   0   -3
paul,chris        hou PG 58 1853  302  720 127  355 175  203  36  265  473 114 151  18 146   1   906   5   0   0  58  301
payne,cameron     cle PG 40  714   96  223  25   84  33   41  13   72  107  28  45   9  64   1   250   0   0   0  13 -224
payton,elfrid     nor PG 42 1246  179  412  33  105  55   74  48  220  320  44 112  17  81   0   446   0   0   0  42  -69
payton,garyiii    was PG  3   16    5    8   1    2   0    0   1    2    4   3   1   1   2   0    11   0   0   0   0   11
pinson,theo       bro SG 18  210   25   73  12   46  19   22   4   36   21   6  18   0  15   0    81   0   0   0   0   -1
plumlee,mason     den  C 82 1733  262  442   2   11 111  198 166  525  243  64 127  77 252   5   637   2   0   0  17   70
plumlee,miles     atl  C 18  172   32   48   0    0  16   30  16   39   17   6  10   4  14   0    80   1   0   0   0  -43
poeltl,jakob      san  C 77 1277  187  289   0    0  49   92 178  411   93  29  48  69 124   0   423   0   0   0  24   88
pondexter,quincy  san SF 47  286   29   58   6   18  34   42   8   46   24  11  13   1  24   0    98   0   0   0   0   -9
porter,otto       chi SF 56 1684  299  643 104  256  78   96  54  316  120  81  65  31 108   0   780   0   0   0  44  -22
portis,bobby      was PF 50 1299  279  628  75  191  77   97 108  401   72  35  74  21 145   0   710   3   0   0  28 -110
powell,dwight     dal PF 77 1659  290  485  39  127 196  254 139  411  112  43  66  51 201   3   815   1   0   0  22   15
powell,norman     tor SF 59 1127  193  400  68  170  62   75  16  140   91  39  65  13  96   0   516   0   0   0   3   17
poythress,alex    atl SF 21  304   40   81   9   23  18   29  29   76   17   4  13  10  47   1   107   0   0   0   1  -75
prince,taurean    atl SF 55 1550  262  594 123  315  95  116  22  199  118  53 100  19 141   3   742   6   0   0  47 -243
qi,zhou           hou PF  1    1    1    1   0    0   0    0   0    0    0   0   0   0   0   0     2   0   0   0   0   -2
rabb,ivan         mem PF 49  722  116  212   3   15  49   69  70  206   54  17  35  14  90   0   284   0   0   0  13  -94
randle,chasson    was PG 49  741   91  217  46  115  43   62  10   56   97  25  43   3  91   0   271   0   0   0   2 -110
randle,julius     nor  C 73 2232  571 1088  67  195 356  487 161  634  229  52 208  45 246   3  1565   3   0   0  49  -15
redick,jj         phi SG 76 2380  452 1028 240  605 228  255  20  187  206  32  99  16 129   1  1372   3   0   0  63  304
reed,davon        ind SG 10   46    5   12   2    4   0    0   2    6    3   1   1   0   3   0    12   0   0   0   0   19
reynolds,cameron  min SG 19  258   33   78  21   51   8    9   4   31   13   6   5   2  26   0    95   0   0   0   0  -26
richardson,josh   mia PG 73 2541  423 1026 164  459 199  231  54  263  298  79 113  34 200   0  1209   3   0   0  73   68
richardson,malac  tor SG 21  103    9   29   8   25   4    5   2   13    0   1   8   0  13   0    30   0   0   0   0  -11
rivers,austin     hou PG 76 2026  232  572 104  327  50   95  25  161  167  47  67  23 207   0   618   2   0   0  15  104
robinson,devin    was SF  7   95   19   32   0    2   9   14   6   20    6   4   2   6  11   0    47   0   0   0   0   -9
robinson,duncan   mia SF 14  161   18   46  10   35   4    6   2   19    5   5   4   0  11   0    50   0   0   0   1  -33
robinson,glenn    det SF 47  608   74  175  18   61  32   40  17   71   21  14  18   8  45   0   198   0   0   0  18  -11
robinson,jerome   lac SG 32  319   44  110  18   57   6    9   3   40   19  11  12   3  46   0   112   0   0   0   0  -25
robinson,mitchel  nyk  C 66 1359  202  291   0    0  81  135 177  423   37  52  35 161 217   8   485   2   0   0  19 -203
rondo,rajon       lal PG 46 1368  175  432  51  142  23   36  34  243  367  55 127   7 100   1   424   3   0   0  29 -245
rose,derrick      min PG 51 1392  363  753  54  146 137  160  33  140  220  31  81  12  57   0   917   2   0   0  13   36
ross,terrence     orl SG 81 2151  440 1027 217  566 126  144  27  280  135  72  89  29 119   0  1223   1   0   0   0    5
rozier,terry      bos PG 79 1790  258  665 119  337  73   93  31  307  231  68  69  20 101   0   708   1   0   0  14  -39
rubio,ricky       uta PG 68 1904  295  730  79  254 195  228  32  242  416  92 180  10 180   1   864   1   0   0  67  250
russell,d'angelo  bro PG 81 2446  659 1517 234  635 160  205  53  315  563  99 253  20 141   0  1712   5   0   0  81   22
sabonis,domantas  ind PF 74 1840  413  702   9   17 208  291 188  693  212  50 160  30 239   3  1043   1   0   0   5  195
sampson,brandon   chi SF 13  213   28   60  11   29   4    6   3   16   10   8  12   3  19   0    71   0   0   0   2  -28
sampson,jakarr    chi SF  4  127   29   54   5   14  17   21   5   32    4   4   4   3   8   0    80   0   0   0   0   -7
saric,dario       min PF 81 2020  304  696 118  324 132  150 125  457  127  45  97   9 182   0   858   2   0   0  41  -67
satoransky,tomas  was SG 80 2162  257  531  64  163 131  160  81  277  399  83 120  14 172   0   709   0   0   0  53  -54
schroder,dennis   okl PG 79 2307  457 1104 124  364 186  227  38  285  323  63 171  12 189   1  1224   7   0   0  14  167
scott,mike        phi PF 79 1394  168  420 101  252  22   33  43  276   66  26  43  13 156   2   459   3   0   0   3   42
sefolosha,thabo   uta SF 50  609   71  149  34   78  14   22   8  123   27  43  25   5  41   0   190   1   0   0   2  123
selden,wayne      chi SG 75 1435  196  483  55  175  67   92  37  180  109  33  79  13 131   0   514   2   0   0  13 -291
sexton,collin     cle PG 82 2608  519 1206 119  296 214  255  58  237  243  44 186   6 186   1  1371   1   0   0  72 -672
shamet,landry     lac PG 79 1800  240  557 167  396  75   93  21  134  118  37  45  10 155   0   722   0   0   0  27   64
shumpert,iman     hou SG 62 1477  167  446  95  273  36   45  27  183  112  58  50  24 127   1   465   2   0   0  41  -46
siakam,pascal     tor PF 80 2549  519  945  79  214 237  302 124  549  248  74 154  51 241   4  1354   5   0   0  79  593
sibert,jordan     atl SG  1    4    1    1   1    1   0    0   0    0    0   0   0   0   0   0     3   0   0   0   0   -5
simmons,ben       phi SG 79 2695  540  960   0    6 257  429 172  697  609 112 274  61 209   1  1337   5   0   0  79  118
simmons,jonathon  phi SF 56 1066  133  350  28  104  72   97  27  127  128  28  68  15  89   0   366   1   0   0   9 -148
simmons,kobi      cle PG  1    2    0    0   0    0   0    0   0    0    0   0   0   0   0   0     0   0   0   0   0    3
simons,anfernee   por SG 20  139   28   63  10   29   9   16   3   13   13   1  11   0   9   0    75   0   0   0   1  -54
smart,marcus      bos PG 80 2196  239  567 126  346 104  129  57  234  321 143 123  28 201   0   708   3   0   0  60  163
smith,dennis      nyk PG 53 1507  278  651  67  208  99  156  32  155  252  67 153  20 129   0   722   6   0   0  50 -152
smith,ish         det PG 56 1250  205  490  44  135  47   62  24  146  203  29  61  11 109   0   501   2   0   0   0   83
smith,jason       nor PF 20  189   21   59   9   26  14   16  16   52   14   3  13   7  30   0    65   0   0   0   1  -49
smith,jr          cle SG 11  221   27   79  12   39   8   10   0   18   21  11  11   3  19   0    74   0   0   0   4  -14
smith,zhaire      phi SG  6  112   14   34   6   16   6    8   3   13   10   2   6   2   8   0    40   0   0   0   2   14
snell,tony        mil SG 74 1301  163  362  81  204  37   42  30  158   68  26  23  18  90   0   444   0   0   0  12  173
spalding,ray      pho PF 14  148   25   47   0    3   4   12  15   48    5   9   9   8  23   0    54   0   0   0   3  -21
spellman,omari    atl PF 46  805   98  244  44  128  32   45  72  194   47  25  31  26  67   0   272   0   0   0  11 -202
stauskas,nik      cle SG 68 1014  136  338  70  188  57   64  18  127   81  21  51   7  50   0   399   0   0   0   0 -256
stephens,dj       mem SG  1    7    1    2   0    0   0    0   0    0    0   1   1   0   0   0     2   0   0   0   0   -3
stephenson,lance  lal SG 67 1120  184  432  73  197  50   73  32  215  140  41  85   7 111   0   491   4   0   0   3 -109
sumner,edmond     ind PG 23  207   22   64   7   27  15   24   9   24   10  12  10   5  26   0    66   0   0   0   2  -33
swanigan,caleb    sac PF 21  181   18   53   1    7   6    9  17   65   11   6  18   1  28   0    43   0   0   0   0  -61
tatum,jayson      bos SF 79 2451  466 1036 116  311 193  226  70  476  168  84 122  57 168   1  1241   2   0   0  79  360
teague,jeff       min PG 42 1263  176  416  35  105 123  153  16  106  343  44  97  18  90   1   510   7   0   0  41    2
temple,garrett    lac SG 75 2044  208  492  90  264  80  107  28  216  105  77  70  29 204   1   586   1   0   0  55  -83
teodosic,milos    lac PG 15  151   17   40  10   27   4    7   2   15   31   3  21   1  27   0    48   0   0   0   0   26
terrell,jared     min SG 14  112   12   38   4   17   3    6   0    5   12   3  10   2  16   0    31   0   0   0   0  -27
terry,emanuel     mia SF  3   23    4    7   0    0   2    4   3    7    2   3   2   0   4   0    10   0   0   0   0    4
theis,daniel      bos PF 66  905  146  266  26   67  56   76  87  225   68  21  33  41 161   2   374   1   0   0   2  131
thomas,isaiah     den PG 12  181   34   99  12   43  17   27   5   13   23   6  18   1  17   0    97   1   0   0   0  -22
thomas,khyri      det SG 26  196   22   69  10   35   7   11   4   20    8   7   4   5  22   0    61   0   0   0   0  -34
thomas,lance      nyk SF 46  783   78  197  22   79  27   36  21  117   27  17  24   7  83   0   205   0   0   0  17 -189
thompson,klay     gsw SG 78 2653  655 1401 241  599 129  158  37  301  186  82 114  47 157   0  1680   3   0   0  78  349
thompson,tristan  cle PF 43 1194  201  380   0    0  68  106 173  439   86  27  59  16  89   0   470   2   0   0  40 -302
thornwell,sindar  lac SG 53  315   17   47   3   15  25   34   4   43   18  13  20   7  41   0    62   0   0   0   1  -30
tolliver,anthony  min PF 63 1081   99  258  81  214  47   60  15  177   46  17  36  21  91   0   326   0   0   0   0  -68
towns,karl-antho  min  C 77 2544  681 1315 142  355 376  450 266  954  259  67 240 125 292   9  1880   8   0   0  77   58
trent,gary        por SG 15  111   16   50   5   21   3    7   1   11    5   1   4   2   4   0    40   0   0   0   1   -8
trier,allonzo     nyk SG 64 1459  232  518  52  132 179  223  30  196  119  28 115  14 117   1   695   2   0   0   3 -205
tucker,pj         hou SF 82 2800  207  524 146  387  41   59 121  478   96 133  63  37 252   0   601   5   0   0  82  243
turner,evan       por SG 73 1602  204  444  11   53  75  106  37  327  283  33 114  18 110   0   494   1   0   0   2   29
turner,myles      ind PF 74 2118  380  780  76  196 148  201 101  531  115  60 100 199 195   0   984   1   0   0  74  121
udoh,ekpe         uta  C 50  320   50   72   0    0  19   30  27   91   28   9  13  31  36   0   119   0   0   0   1  -54
ulis,tyler        chi PG  1    1    0    0   0    0   0    0   0    0    0   0   0   0   0   0     0   0   0   0   0    0
valanciunas,jona  mem  C 49 1091  301  537  14   48 147  185 106  419   70  18  91  53 146   1   763   6   0   0  27   71
vanderbilt,jarre  den PF 15   69    9   19   0    1   6   10   7   23    3   6   7   1   8   0    24   0   0   0   0   12
vanvleet,fred     tor PG 64 1756  246  600 112  296  97  115  21  167  307  57  81  19 110   0   701   1   0   0  28  298
vonleh,noah       nyk PF 68 1720  207  440  46  137 111  156 113  529  128  45  88  51 174   2   571   2   0   0  57 -293
vucevic,nikola    orl  C 80 2512  701 1354  84  231 179  227 224  960  307  81 159  89 157   1  1665   4   0   0  80  218
wade,dwyane       mia SG 72 1884  416  959  86  261 165  233  69  285  301  59 166  38 118   0  1083   5   0   0   2  -68
wagner,moritz     lal  C 42  447   71  171  22   77  43   53  17   85   24  10  39  13  57   0   207   0   0   0   5  -97
waiters,dion      mia SG 44 1138  198  479 109  289  22   44   8  117  121  29  64   9  72   0   527   2   0   0  28  -38
walker,kemba      cha PG 82 2867  731 1684 260  730 380  450  52  361  483 102 211  34 131   0  2102   0   0   0  82   35
walker,lonnie     san SG 16  118   16   46   5   13   8   10   0   17    9   7   4   2   7   0    45   0   0   0   0  -55
wall,john         was PG 32 1103  245  551  51  169 122  175  15  116  279  49 122  28  71   1   663   7   0   0  32 -152
wallace,tyrone    lac SG 59  627   92  217   4   19  30   57  20  101   43  21  36   7  83   0   218   0   0   0   0   58
wanamaker,brad    bos PG 36  344   50  105  16   39  24   28   3   41   56  12  19   2  34   1   140   0   0   0   0   72
warren,tj         pho SF 43 1361  297  611  77  180 101  124  31  173   64  51  52  29 119   0   772   7   0   0  36 -225
washburn,julian   mem SF 17  251   16   48   5   24   3    4   8   41   14  13   7   2  16   0    40   0   0   0   3  -22
watanabe,yuta     mem SF 15  176   15   51   2   16   7   10   4   31    8   4   6   1  11   0    39   0   0   0   0   20
welsh,thomas      den  C  9   37    7   13   3    7   1    2   0    4    5   0   1   0   3   0    18   0   0   0   0    2
westbrook,russel  okl PG 73 2632  630 1473 119  411 296  451 109  807  784 142 325  33 245   5  1675  17   0   0  73  292
white,derrick     san PG 67 1729  260  543  48  142  95  123  35  247  263  67  97  47 145   0   663   0   0   0  55  152
white,okaro       was PF  3    6    0    2   0    2   0    0   1    2    0   0   0   0   0   0     0   0   0   0   0   -3
whiteside,hassan  mia  C 72 1677  388  680   2   16 109  243 256  818   56  46  96 136 192   0   887   4   0   0  53   18
wiggins,andrew    min SF 73 2539  498 1210 118  348 207  296  83  352  184  71 139  48 153   2  1321   0   0   0  73  -66
williams,alan     bro PF  5   26    8   13   0    1   2    4   4   19    3   1   1   0   2   0    18   0   0   0   0   16
williams,c.j.     min SG 14  130   17   35   5   16   0    1   1    8   12   6   5   0  16   0    39   0   0   0   0  -49
williams,johnath  lal PF 23  371   65  110   0    2  27   48  48   99   13   8  16   7  62   0   157   0   0   0   0   57
williams,kendric  nor SF 46 1083  107  279  52  156  13   19  55  219   83  44  36  19  95   0   279   0   0   0  29  -87
williams,lou      lac SG 75 1992  484 1139 105  292 425  485  40  222  401  56 181  11  80   0  1498   1   0   0   1  195
williams,marvin   cha PF 75 2131  275  652 140  382  66   86  76  407   91  69  46  60 156   2   756   0   0   0  75   -6
williams,robert   bos  C 29  280   36   51   0    0   9   15  27   81    7   9  10  40  36   1    81   0   0   0   2  -48
williams,troy     sac SG 21  315   44   98  14   44   9   15  12   59   11  10   9   8  37   0   111   0   0   0   0  -67
wilson,d.j.       mil PF 48  880  104  251  46  127  26   47  44  221   52  18  32  20  85   0   280   0   0   0   3   79
winslow,justise   mia SG 66 1962  324  748  96  256  86  137  63  355  282  72 143  19 177   1   830   4   0   0  52  119
wood,christian    nor PF 20  250   61  117   9   26  41   56  17   83    8   7  17  10  17   0   172   0   0   0   2  -53
wright,delon      mem PG 75 1695  242  558  50  168 119  150  69  267  248  88  77  30 103   0   653   1   0   0  13    3
yabusele,guersch  bos PF 40  253   35   77   9   28  15   22  23   53   15   8  15   7  31   0    94   0   0   0   1  -16
young,nick        den SG  4   38    3    9   3    8   0    0   0    1    2   0   2   1   4   0     9   0   0   0   0   -5
young,thaddeus    ind PF 81 2489  443  842  51  146  87  135 192  521  204 123 123  38 194   2  1024   3   0   0  81  134
young,trae        atl PG 81 2502  525 1257 156  482 343  414  64  301  653  72 308  15 140   0  1549   6   0   0  81 -336
zeller,cody       cha PF 49 1242  190  345   6   22 111  141 110  332  103  38  61  43 164   6   497   0   0   0  47   42
zeller,tyler      mem  C  6   93   16   30   0    1  14   18  11   24    4   1   4   3  20   1    46   0   0   0   1   12
zizic,ante        cle  C 59 1083  183  330   0    0  93  132 108  320   53  13  62  22 113   1   459   0   0   0  25  -80
zubac,ivica       lac  C 59 1040  212  379   0    0 101  126 115  363   63  15  70  51 137   2   525   0   0   0  37   41
